000000000000000000000000000000000000000000000000000000000000000000000000000000000000000000
000000000000000000000000000000000000000000000000000000000000000000000000000000000000000000
000000000000000000000000000000000000000000000000000000000000000000000000000000000000000000
325333373257882382265733322257639637332773723243243777432373375383327648233444322324363232
224246463522377736523732253323282333786323353332323445442332232333226832343532243862833333
556226357335333744783772273273432336367723262553833223628283472438223333232323232873733333
623572433223336365333753348348737528333763383265533732373242238363864632646383374363536726
342593633325762223365383332277252423724335722233425322433753348335526832628423856322243433
323332247232233346772238533353257272527223443383572833237332276343353334375333356335526226
352736333282755425735674333253723435833433572233272646227662267833336247383273254247343333
353362323353222266223242362762823845378432238634653234763264663337325322338843528333236733
333263533343647645383353335372262452327233338832632362623365322383422435325233233865325443
276633332333352232332367363233334234332646823443634336662233393733324377222538253683733324
363634733322535337332423623323438552233662274425745382333224325378237252843363436327633655
333336252322472767333283243446286233332572623323342733382362324437463332337657624333363625
332333267236552333343227327333682353535334556327525243335432323252323743455722323434364533
373436624922237432234322565326645327232357532437332322333263222333436353375224257324253334
533324225322235235342333655338222233367236638382227332553373523238262436467357333342763834
336323237392283333473655366252276245273623636736643633242654347333362322384354832246722637
383783326373333336346333328423564627843322253638375623226262262523343325343574533326465223
445237343333253344376683327532552236343562452253226546682333533532244662443322633376533353
335663533223435326533733323373242376232357532436334352533373525222623683343223657333337343
643333532473668534223753327337337452423532238265728573423332253333377733623727233227562342
632636445368625257523323338337252636333223687533532652583633377323764823567333833436324356
633463333833337252774837386362337222266326334234232733753736338372333552563332232363533432
783223526536265342235383222343323663483376754338722556653632722239272233863373332442366762
532588333633275332323682238532233332235823563236326323233333323235635223222332367346373283
347322353726233345563252338422373262722433332833355334674325336323635823377373378337327624
333583234226662333753373476323373557793333632733334633473232332273326377255222423373673253
422687242667322353343335372336263433333639339623334434322533332234462334343424754242577352
423362253522332336334622363233832223334335572343937226427433735533633332275373633332383237
323284425833438375943228625475832368327326323638773445838343567322237437362386823333262376
225643432732224833239427332357422443734322378223353326662334368335835353833626237532352432
282363434233534652672333572338347377425223332464362233333532424334235237534932526733238272
377365632633343883323333476653323333533422632343275376227348233223225543236344662375323222
866337624373333723735274525243353522323332222238333533755722633494262266333336843646322233
633233322835722563363263223234247363365334642573335522362323448673333353543252336477326356
235333639633335333743335727523382233253473333233232363374335373372637682433334322223573243
253637273382327278347932776223433524723366857325333375262235485233473234263573432732267353
563637234548363332734523432772233533683423423622732524733376332376235237733335333222683342
338234432274323845333223233436638276878523662932627872783766288632352732632534827472327466
